

------[ FIFO SIMULATION SUMMARY ]------
TIMESTAMP = 2017-11-13
BANDWIDTH = 20000000 bps

	flows_dropped_size = 3.18688424448E11 b
	flows_dropped_cnt = 198 flows

	flows_switched_size = 6.20363392648E11 b
	flows_switched_cnt = 554194 flows

	total_wait_time = 1447824131 seconds
	processing_time = 0 seconds
	throughput = 544775.2780441027 bps