

------[ FIFO SIMULATION SUMMARY ]------
TIMESTAMP = 2017-11-13
BANDWIDTH = 10000000 bps

	flows_dropped_size = 4.79670528192E11 b
	flows_dropped_cnt = 374 flows

	flows_switched_size = 4.59381288904E11 b
	flows_switched_cnt = 554018 flows

	total_wait_time = -973601553 seconds
	processing_time = 0 seconds
	throughput = 406102.65153576527 bps